world: LayerOneLower
x: -91.95162760989058
y: 169.0
z: 535.0854249577509
yaw: 332.32422
pitch: 31.34983
name: derohome
lastowner: 541027d6-ba2f-4ec6-9809-9b38ed98b633
