world: LayerFive
x: 5633.321946301004
y: 70.0
z: -2176.501736581602
yaw: 164.67908
pitch: 10.051028
name: Edina
lastowner: a71f595b-3ca8-4370-bb88-d6111b1f16c6
