world: LayerTwo
x: 5114.9974451622975
y: 193.0
z: -67.42438862407873
yaw: -91.33215
pitch: 2.6095662
name: event
lastowner: c6307390-acda-48f8-8584-42087ad918f4
