world: LayerThree
x: -13.00811997841538
y: 230.0
z: -156.42486172726197
yaw: 64.2681
pitch: 30.749865
name: layer3
lastowner: a71f595b-3ca8-4370-bb88-d6111b1f16c6
