world: LayerFour
x: -419.1619396850774
y: 146.0
z: -439.6140386726426
yaw: 93.69736
pitch: -0.44981652
name: nanachi
lastowner: a71f595b-3ca8-4370-bb88-d6111b1f16c6
