world: LayerFive
x: 9129.209421353173
y: 143.0
z: -1708.3227512493988
yaw: -3.6350403
pitch: 28.640703
name: nilfont
lastowner: dc1c6074-aa96-4d60-a990-dc6aab124e38
