world: LayerFour
x: 6660.911227207446
y: 49.0
z: -286.2430068414097
yaw: 17.490173
pitch: 9.029489
name: noore
lastowner: 541027d6-ba2f-4ec6-9809-9b38ed98b633
