world: world
x: -547.0926707801237
y: 128.0625
z: -30.243430878653466
yaw: 278.70706
pitch: 23.0631
name: orth
lastowner: dc1c6074-aa96-4d60-a990-dc6aab124e38
