world: LayerFour
x: 6678.1854216815045
y: 133.0
z: -179.32955276662662
yaw: -95.86669
pitch: 3.0005772
name: petalburg
lastowner: a71f595b-3ca8-4370-bb88-d6111b1f16c6
