world: LayerFive
x: 9557.944914868025
y: 151.0
z: -1931.8778885742513
yaw: 164.55374
pitch: 1.2119972
name: upsidedown
lastowner: dc1c6074-aa96-4d60-a990-dc6aab124e38
